
[-1.24249893  0.5869699  -0.01572134]
[-1.27895458  0.58004506  0.08012803]
[-1.22912596  0.52524819  0.12568719]
[-1.2344539   0.44402518  0.20956254]
[-1.21123125  0.60949485  0.13065935]
[-1.3102059   0.55708014  0.21217976]
[-1.44021214  0.64593536  0.09975789]
[-1.23520998  0.54813276  0.0208821 ]
[-1.31023949  0.5460083   0.05212452]
[-1.28719663  0.51515343  0.09774431]
[-1.35983191  0.58246081  0.23433178]
[-1.24075122  0.54193921  0.09316467]
[-1.23420111  0.49422291  0.13395693]
[-1.28041023  0.54716508  0.12448621]
[-1.28849506  0.59300245  0.23235876]
[-1.28709298  0.55504274  0.05293932]
[-1.28081257  0.57693806  0.06983242]
[-1.27914074  0.53649422  0.13458227]
[-1.44736733  0.65637198  0.19931693]
[-1.29946938  0.52725275  0.07010915]
[-1.25949031  0.45329006  0.11570556]
[-1.34161552  0.49903744  0.17087885]
[-1.16986545  0.56154422  0.19012701]
[-1.44573804  0.58815014  0.25245868]
[-1.18052106  0.3920953   0.04424561]
[-1.32222845  0.58859964  0.08022582]
[-1.28134722  0.59117363  0.11133237]
[-1.34359647  0.55544041  0.09457926]
[-1.23382278  0.58674482  0.12336471]
[-1.32028374  0.58444052  0.13058702]
[-1.32525193  0.567771    0.15216236]
[-1.30397381  0.55588989 -0.03215144]
[-1.32827541  0.52006676  0.14746561]
[-1.24474804  0.56564649  0.12595754]
[-1.31444958  0.60164941  0.12120889]
[-1.35551059  0.56822048  0.10210725]
[-1.2479513   0.53230746  0.06143023]
[-1.28404412  0.58985819 -0.00318564]
[-1.25079498  0.58037128  0.10938162]
[-1.31809914  0.52504717  0.18362903]
[-1.35898036  0.57266152  0.09984692]
[-1.31127296  0.53649104  0.16450533]
[-1.34682326  0.58651181  0.12135137]
[-1.23881135  0.5311877   0.01835461]
[-1.30087766  0.59566357  0.13803397]
[-1.25759909  0.56197717  0.0589946 ]
[-1.32205646  0.50914935  0.11403054]
[-1.19506759  0.5497853   0.11401519]
[-1.3291366   0.51859519  0.05655121]
[-1.32185781  0.56153544  0.01583129]
[-1.31494176  0.60446348  0.15472532]
[-1.29366049  0.39130185  0.05420233]
[-1.36078489  0.54924147  0.16195048]
[-1.27237608  0.54437538  0.0829631 ]
[-1.32301076  0.61381944  0.1572322 ]
[-1.34527459  0.59458815  0.11183696]
[-1.2981996   0.55858524  0.17419307]
[-1.31328081  0.52259455 -0.01245995]
[-1.31630425  0.57766119  0.1073358 ]
[-1.2475884   0.54415461  0.14334678]
[-1.29628143  0.57536912  0.0333269 ]
[-1.29966441  0.53954598  0.15796338]
[-1.34614299  0.53493735  0.08388436]
[-1.3137028   0.46329107  0.13910463]
[-1.29589744  0.59036352  0.08183441]
[-1.26612105  0.36788253  0.16342811]
[-1.32971849  0.52847379  0.11334091]
[-1.22829575  0.58859846 -0.03009214]
[-1.32798591  0.5075551   0.19997369]
[-1.30566162  0.59650005  0.15711316]
[-1.25921553  0.52503348  0.23154407]
[-1.39179848  0.39848787  0.18858499]
[-1.42178705  0.60944722  0.19834489]
[-1.26990613  0.54755743  0.20333215]
[-1.29022798  0.55261542  0.18434958]
[-1.28430345  0.51945604  0.12946976]
[-1.37441972  0.61787543  0.13447936]
[-1.31370124  0.52236447  0.18497905]
[-1.20022044  0.5968418   0.14927527]
[-1.36464671  0.62157999  0.14952883]
[-1.3996962   0.57440224  0.19765109]
[-1.32203847  0.56783604  0.15955415]
[-1.39769948  0.58769587  0.09274278]
[-1.34895182  0.62910348  0.11692392]
[-1.39118378  0.58901837  0.06448771]
[-1.21775789  0.58954481  0.18201172]
[-1.2932391   0.56134081  0.17023647]
[-1.29219567  0.57632224  0.23030333]
[-1.29594062  0.55051239  0.21375275]
[-1.26404201  0.56291991  0.05837337]
[-1.36080145  0.58490421  0.07528824]
[-1.50792894  0.58055227  0.10418691]
[-1.33174936  0.65520897  0.17138029]
[-1.32795229  0.5526049   0.16674448]
[-1.34755828  0.50027906  0.11414859]
[-1.34073497  0.54373398  0.14533709]
[-1.41761889  0.63028452  0.16933031]
[-1.38179568  0.38395121  0.12386302]
[-1.31485114  0.58780493  0.09276422]
[-1.32203374  0.56652658  0.07601466]
[-1.36025115  0.60740765  0.15741137]
[-1.50150905  0.5976512   0.21486564]
[-1.37452654  0.58789475  0.11668409]
[-1.38676701  0.56368327  0.12628917]
[-1.32487705  0.58256742  0.09999394]
[-1.36824214  0.43855605  0.23648846]
[-1.33490295  0.54354164  0.03059945]
[-1.339871    0.55515337  0.13356248]
[-1.526978    0.58840274  0.17909338]
[-1.30964457  0.38232176  0.07860672]
[-1.2262966  0.5233102  0.1169678]
[-1.33678915  0.62120302  0.14334517]
[-1.36118026  0.59947557  0.16016174]
[-1.35196272  0.63511914  0.22484638]
[-1.37138578  0.61330188  0.08601116]
[-1.28076538  0.58669621  0.13393643]
[-1.25008984  0.57445576 -0.03120947]
[-1.30790994  0.58376312  0.03826366]
[-1.39906923  0.59307048  0.04067365]
[-1.31075322  0.58091985  0.18914596]
[-1.23431839  0.59262141  0.0838169 ]
[-1.34241673  0.52974347  0.04314388]
[-1.28301075  0.5602394   0.17726042]
[-1.48687715  0.37525718  0.2562976 ]
[-1.31512332  0.59010664  0.23721091]
[-1.39466764  0.59188495  0.16543909]
[-1.39050472  0.63197048 -0.13376903]
[-1.29784615  0.56680097 -0.02834098]
[-1.34405127  0.5590025   0.15609261]
[-1.35425356  0.56317505  0.13221795]
[-1.34796587  0.54092159  0.06049461]
[-1.34682581  0.51148554  0.25457909]
[-1.3618165   0.55148136  0.23788421]
[-1.37156976  0.55556416  0.13493395]
[-1.28022772  0.52133973  0.14203996]
[-1.51201625  0.55662411  0.16589575]
[-1.3464571   0.57745346  0.10835846]
[-1.37021637  0.36614788  0.08915726]
[-1.3388192   0.60016381  0.14895193]
[-1.4055843   0.53969293  0.18001623]
[-1.31185119  0.58207008  0.26373708]
[-1.29748288  0.52869198  0.16554996]
[-1.37879282  0.54953412  0.22297319]
[-1.35227389  0.55601106  0.29474886]
[-1.30438677  0.59361261 -0.02849304]
[-1.39287934  0.56178231  0.0983622 ]
[-1.49564732  0.30959564  0.1964712 ]
[-1.26792566  0.62253036 -0.20342343]
[-1.39933731  0.61702345  0.21071057]
[-1.31481869  0.59964814  0.09566506]
[-1.27100149  0.47453374  0.16257898]
[-1.31577279  0.53863828  0.01880629]
[-1.39876149  0.60025879  0.15753366]
[-1.23469528  0.4272603   0.233948  ]
[-1.23573914  0.49607616  0.16190929]
[-1.3447017   0.51709778  0.25270506]
[-1.32446718  0.52614837  0.10409359]
[-1.34981229  0.52092355  0.19731239]
[-1.32939808  0.44626687 -0.23862542]
[-1.45015192  0.52492891  0.03411094]
[-1.39843337  0.63232134  0.17275953]
[-1.23658152  0.68704132  0.18212147]
[-1.40991489  0.54535956 -0.01442067]
[-1.59043083  0.52099365  0.08831266]
[-1.37120789  0.53740632  0.09529378]
[-1.26699644  0.44377555  0.06158928]
[-1.29482545  0.52004323  0.10215271]
[-1.33657042  0.5963109   0.116317  ]
[-1.45519936  0.43306852  0.13051632]
[-1.25097046  0.60492452  0.04899508]
[-1.48966886  0.61406463  0.23083907]
[-1.23782548  0.52282798 -0.01344117]
[-1.33074713  0.5608782  -0.04942583]
[-1.44779051  0.64681246  0.07263196]
[-1.47642814  0.63697864  0.2282337 ]
[-1.32541079  0.56480572  0.22101424]
[-1.4882165   0.57171876  0.09890116]
[-1.33728901  0.55470234  0.13479284]
[-1.36344552  0.5256125   0.24967771]
[-1.31068323  0.6306878   0.1251579 ]
[-1.25330932  0.54432938  0.10840519]
[-1.30358463  0.49618832  0.21852971]
[-1.2796397   0.62051965  0.16585144]
[-1.33718748  0.51979601  0.25683781]
[-1.27014692  0.53869261  0.13951319]
[-1.33664252  0.50491676  0.15379437]
[-1.31703671  0.56451478  0.09865629]
[-1.34283088  0.59768671  0.25179834]
[-1.27994973  0.36510224  0.1128353 ]
[-1.36063081  0.6065697  -0.02614022]
[-1.37906264  0.5032721   0.11261174]
[-1.33294089  0.4143397   0.08617636]
[-1.29169739  0.51215502  0.10524338]
[-1.27199883  0.55243213  0.13149016]
[-1.28103357  0.59509093  0.0116907 ]
[-1.49366531  0.49897589  0.13611523]
[-1.30416105  0.4770811   0.19351463]
[-1.31134078  0.51264714  0.08815828]
[-1.30451478  0.56967113  0.10255908]
[-1.27560176  0.62430092  0.16716324]
[-1.33057567  0.54006701  0.15755966]
[-1.30645107  0.5994852   0.01386833]
[-1.4781118   0.52722229  0.03769625]
[-1.31955244  0.51774782  0.16930535]
[-1.26864227  0.54897478  0.10218327]
[-1.34950306  0.53471191  0.1787258 ]
[-1.30356103  0.57994458  0.19302018]
[-1.33681024  0.36419682  0.17621488]
[-1.35321016  0.55067493  0.20009857]
[-1.30487676  0.50491548  0.14496118]
[-1.19863316  0.63872115  0.11609784]
[-1.31274597  0.49240522  0.11118904]
[-1.24968784  0.55447471  0.04882232]
[-1.4715397   0.53274714  0.24981785]
[-1.34099452  0.5732688   0.15865882]
[-1.29433625  0.51039039  0.14171849]
[-1.30522868  0.58637566  0.16549216]
[-1.30902836  0.50203929  0.11506094]
[-1.29145999  0.53510869  0.05268639]
[-1.32452938  0.55611718  0.24174972]
[-1.36903045  0.4837518  -0.04091872]
[-1.25560409  0.57179792  0.16484246]
[-1.32404994  0.49463179  0.04498   ]
[-1.32785232  0.47022799  0.18130005]
[-1.24315911  0.57750528  0.20510506]
[-1.32552063  0.56746669  0.20728855]
[-1.22370838  0.49517886  0.16879544]
[-1.29179452  0.5114765   0.21648152]
[-1.31439079  0.52537993  0.03432446]
[-1.33707693  0.52491817  0.25201155]
[-1.2929052   0.60585926  0.07946844]
[-1.3229537   0.50014253  0.10085857]
[-1.17113275  0.55723152 -0.00463164]
[-1.24915789  0.46356352  0.19394463]
[-1.20941757  0.50397082  0.12191525]
[-1.34205973  0.55156075  0.07382813]
[-1.27119471  0.48901742  0.23643099]
[-1.27499949  0.50069437  0.05911821]
[-1.2117666   0.58898579  0.15474454]
[-1.32100613  0.61742219  0.00378035]
[-1.2625616   0.50460069  0.0826475 ]
[-1.26848801  0.49944048  0.07289024]
[-1.29135366  0.5230107   0.2475109 ]
[-1.26633524  0.49630268  0.06778986]
[-1.2965633   0.49362662  0.127516  ]
[-1.26011341  0.49813316  0.15616589]
[-1.26630949  0.3374398   0.13208307]
[-1.26966171  0.60291433  0.05526764]
[-1.24667767  0.51644123 -0.02154755]
[-1.16383856  0.50888685  0.10753616]
[-1.26241911  0.5372455   0.23894223]
[-1.2701072   0.49388005  0.11657806]
[-1.2468505   0.52225069  0.09718622]
[-1.26668937  0.50761564  0.01315396]
[-1.25486391  0.50016319  0.18283577]
[-1.4035425   0.52151918  0.1609966 ]
[-1.2626099   0.33937995  0.17987128]
[-1.41616404  0.53543461  0.03593806]
[-1.36630093  0.54004309  0.16735303]
[-1.23024651  0.50395014  0.16948155]
[-1.23102137  0.47973823 -0.04382304]
[-1.27028335  0.51023308  0.20496656]
[-1.23320075  0.48814545  0.20479746]
[-1.23442535  0.55464327  0.12083149]
[-1.41033668  0.52288884  0.02248609]
[-1.19377886  0.54389681  0.13006839]
[-1.23349057  0.54575116 -0.04724741]
[-1.30193268  0.46380844  0.16090339]
[-1.28675768  0.52321359  0.0865646 ]
[-1.22839706  0.49642748  0.12713586]
[-1.25862188  0.5342848  -0.03579989]
[-1.21950483  0.52240377  0.11493219]
[-1.23811855  0.47903819  0.1507673 ]
[-1.24945968  0.31347835  0.13152153]
[-1.21043258  0.49977615  0.09789634]
[-1.24987422  0.4922336   0.24376897]
[-1.16960576  0.5613055   0.10233758]
[-1.25711136  0.49878628  0.19556402]
[-1.19857064  0.49603212  0.05894464]
[-1.16166771  0.54355618  0.10669056]
[-1.39797374  0.47146015  0.19038703]
[-1.18692402  0.49743639  0.05386083]
[-1.20314346  0.50665322  0.23095189]
[-1.24081816  0.47278601  0.14945762]
[-1.26846606  0.4724376   0.14212574]
[-1.25559508  0.48174441  0.06059946]
[-1.16087124  0.52935845  0.01014008]
[-1.18355069  0.48361016  0.07940253]
[-1.25402671  0.54798359  0.17977826]
[-1.23370305  0.5693514   0.05751904]
[-1.21834778  0.52846996 -0.04077498]
[-1.20796091  0.51162054 -0.00257383]
[-1.20466663  0.55693035  0.24869729]
[-1.17982452  0.54247513  0.15760021]
[-1.26999409  0.48722847  0.09524258]
[-1.09716152  0.49901945  0.07363234]
[-1.22102992  0.50832622  0.11664009]
[-1.30677112  0.52729981  0.03038647]
[-1.09793549  0.30685323  0.00637065]
[-1.26277535  0.50548195  0.07335997]
[-1.19049923  0.52924394  0.10921071]
[-1.20459439  0.54830753  0.09720284]
[-1.19705172  0.43320582  0.11869985]
[-1.22817634  0.51921705  0.15460782]
[-1.17541642  0.49987197  0.23120579]
[-1.18011733  0.48770949  0.10908502]
[-1.2853747   0.48991223  0.22638443]
[-1.25416259  0.56403103  0.21918787]
[-1.2207363   0.49928614 -0.0417712 ]
[-1.1705506   0.51363992  0.26469805]
[-1.22819399  0.51362848  0.14501083]
[-1.26916798  0.46333881  0.04688287]
[-1.20249292  0.36995351  0.12833147]
[-1.15515149  0.535232   -0.06073929]
[-1.23931113  0.49212492  0.11408322]
[-1.20376068  0.53290491  0.05427649]
[-1.25936992  0.55213709 -0.05099714]
[-1.2193011   0.45644757  0.18132316]
[-1.19635174  0.50441015  0.06174172]
[-1.20195277  0.5260365   0.12170256]
[-1.21180213  0.30824268  0.11455693]
[-1.28408075  0.4519733   0.02363722]
[-1.21509895  0.51191835  0.05961023]
[-1.19391116  0.4377881   0.12430218]
[-1.2109406   0.52406937 -0.05043752]
[-1.12971776  0.49542896  0.09084591]
[-1.21139064  0.51272841  0.11244339]
[-1.21157065  0.49172064  0.19149026]
[-1.25706048  0.5400547   0.24417538]
[-1.14941141  0.4926207   0.12209531]
[-1.17140926  0.51701275  0.11977139]
[-1.24607954  0.37620487  0.08153449]
[-1.30408296  0.53944909  0.02415553]
[-1.2116117   0.53500917 -0.05712185]
[-1.19096647  0.54014605  0.01482978]
[-1.29703392  0.48303367  0.05802801]
[-1.18522902  0.53835876  0.12277155]
[-1.25289923  0.51697938  0.10849238]
[-1.19864516  0.51199942  0.05831306]
[-1.15645465  0.47348906  0.07997143]
[-1.33701487  0.50680474  0.20219795]
[-1.13210862  0.50420737  0.11373484]
[-1.3079704   0.40114351  0.17372651]
[-1.19883217  0.51346778  0.07089842]
[-1.26925905  0.47265312 -0.01277338]
[-1.23452359  0.58469577  0.04961425]
[-1.25255051  0.51956746  0.14792672]
[-1.20290985  0.59569702  0.06659268]
[-1.21818002  0.4994557   0.12415739]
[-1.22387591  0.47751294  0.0955335 ]
[-1.27284737  0.52748619  0.06454142]
[-1.20432296  0.34761605  0.16760138]
[-1.12861593  0.5078125   0.11743507]
[-1.39270555  0.51229584  0.07921392]
[-1.21165361  0.55517637 -0.03320146]
[-1.20786002  0.4907794   0.10579878]
[-1.25470458  0.46708385  0.05091575]
[-1.2896706   0.48886634  0.01040988]
[-1.31018142  0.52501399  0.09917937]
[-1.2493768   0.49892413  0.03233775]
[-1.31537487e+00  5.18324069e-01 -9.96602736e-04]
[-1.23062818  0.50181095  0.00638249]
[-1.21540328  0.54754704  0.1023591 ]
[-1.24087978  0.50912618  0.03552008]
[-1.19435026  0.43949071  0.02132752]
[-1.25077139  0.50162627  0.10769418]
[-1.29052558  0.42009783  0.08633384]
[-1.2151756   0.59706506  0.19184011]
[-1.28357018  0.59445524  0.17046577]
[-1.20121999  0.47204535  0.07009237]
[-1.35828992  0.50295428  0.14449846]
[-1.22575136  0.49076754  0.19258051]
[-1.36614922  0.52177829  0.22390595]
[-1.25258178  0.5336354   0.13789181]
[-1.25163173  0.50718526  0.05188987]
[-1.38173315  0.52861913  0.10945623]
[-1.16706952  0.51183569  0.09759333]
[-1.31853885  0.50932751  0.12161697]
[-1.26401689  0.35846875 -0.02914557]
[-1.27662251  0.47097216 -0.01709033]
[-1.22449474  0.50686111  0.03565434]
[-1.28001611  0.52599063  0.04289717]
[-1.27834644  0.47622791  0.10765213]
[-1.27685664  0.5125665   0.11975633]
[-1.35685963  0.52496303  0.15342052]
[-1.31475832  0.53975375  0.05300955]
[-1.30599597  0.5424835   0.17283856]
[-1.26380472  0.52845382  0.0795958 ]
[-1.26222497  0.46414588  0.223367  ]
[-1.31340757  0.32561766  0.15406645]
[-1.24239596  0.33783421 -0.01819934]
[-1.24090612  0.47942754  0.16149728]
[-1.25874972  0.55149909  0.08743035]
[-1.28865425  0.4847069   0.11393217]
[-1.31359051  0.4489494   0.08294642]
[-1.41301421  0.50897211  0.22677402]
[-1.29226381  0.5235827   0.05697613]
[-1.32446999e+00  4.66199576e-01 -3.35794139e-04]
[-1.26569905  0.49508541  0.18895775]
[-1.28345263  0.497635    0.16515526]
[-1.19125018  0.49070989  0.09349588]
[-1.26646201  0.5387615   0.1534907 ]
[-1.27002759  0.52935226  0.1775971 ]
[-1.31845363  0.49600099  0.13458019]
[-1.32387396  0.49377433  0.10115239]
[-1.34614359  0.51557958  0.15871915]
[-1.24861323  0.49898769  0.15641608]
[-1.26848864  0.59492328  0.14454853]
[-1.2161784   0.52565894  0.14699707]
[-1.35549678  0.50675043  0.02735624]
[-1.19323306  0.49982522  0.06574505]
[-1.27987641  0.4833232   0.1184868 ]
[-1.2606355   0.5050385   0.10650868]
[-1.28927862  0.52675381  0.18311602]
[-1.33504074  0.46706625  0.15203353]
[-1.32325214  0.47920474  0.25261982]
[-1.23263467  0.48416063  0.03719614]
[-1.30907193  0.56094256  0.11618537]
[-1.30419624  0.52031871  0.12335826]
[-1.32077846  0.50354699  0.08981481]
[-1.47134608  0.57287662  0.13047669]
[-1.34603851  0.49626217  0.16627893]
[-1.27340336  0.47471436  0.14701459]
[-1.30620298  0.48429116  0.20677128]
[-1.30078527  0.46513755 -0.01836968]
[-1.25706032  0.5392679   0.08209822]
[-1.28985992  0.52002438  0.04847859]
[-1.30341599  0.52951128  0.16328726]
[-1.28132874  0.49590255  0.17278791]
[-1.28327341  0.52942138  0.16554404]
[-1.28060949  0.43604751  0.14874788]
[-1.29709918  0.51266196  0.18222996]
[-1.45475686  0.49102424  0.0600741 ]
[-1.22685816  0.51487635  0.13423055]
[-1.29344626  0.55548787  0.07431173]
[-1.29539352  0.47877127 -0.04067371]
[-1.29273219  0.51218796  0.10293911]
[-1.31631716  0.46420179  0.19147308]
[-1.4571255   0.52166263  0.12198013]
[-1.30123266  0.48574961  0.21531734]
[-1.20280066  0.52654095  0.02374717]
[-1.31514831  0.47395842  0.17456005]
[-1.31053973  0.48601934  0.16979866]
[-1.2483804   0.51474976  0.15544566]
[-1.26992822  0.48841355  0.12432104]
[-1.27241233  0.54108598  0.22488972]
[-1.17939811  0.47635263  0.19141715]
[-1.26134044  0.52902506  0.08853977]
[-1.32634353  0.50259893  0.21787295]
[-1.30772937  0.48105112  0.0742942 ]
[-1.2390168   0.50020473  0.10791087]
[-1.28052741  0.50259893  0.16787605]
[-1.27636836  0.55287717  0.05782849]
[-1.28178611  0.50729743  0.09143048]
[-1.32054286  0.6149466   0.12261379]
[-1.35229682  0.49275241  0.14663905]
[-1.27134349  0.50942192  0.19218763]
[-1.21442207  0.51421032  0.14437724]
[-1.19101947  0.53575814  0.09896108]
[-1.31854147  0.50702772  0.04876884]
[-1.345507    0.54045664  0.0847653 ]
[-1.39898854  0.51890883  0.1231832 ]
[-1.28026736  0.49939562  0.1520386 ]
[-1.31477506  0.48954912  0.22878074]
[-1.30885101  0.51791996  0.14275168]
[-1.32935306  0.50807347  0.15729419]
[-1.29469854  0.48137769  0.24604224]
[-1.33923244  0.47631962  0.10258022]
[-1.3309141   0.51196298  0.10753419]
[-1.26513489  0.45893099  0.150793  ]
[-1.35479899  0.49209027  0.25148802]
[-1.34860512  0.57561768  0.23725167]
[-1.32325763  0.49146109 -0.03795511]
[-1.33391303  0.45049002  0.13217473]
[-1.27992497  0.41909576  0.02457732]
[-1.3527397   0.50741158  0.12047473]
[-1.25077769  0.46883473  0.17567083]
[-1.28768192  0.53559027 -0.02052412]
[-1.33913109  0.4851198   0.07779536]
[-1.36672809  0.48253336  0.14979127]
[-1.32968163  0.4703701   0.05898165]
[-1.44798863  0.47966477  0.29853194]
[-1.3531218   0.51529566  0.18372796]
[-1.35162882  0.4838889   0.16469216]
[-1.27813004  0.48360675  0.14563135]
[-1.30527758  0.45752757  0.14096354]
[-1.34200193  0.50797297  0.12671648]
[-1.39015555  0.50824256  0.09563717]
[-1.35708605  0.54975275  0.08614606]
[-1.26176729  0.52174123  0.14847855]
[-1.34822814  0.50082245  0.14853416]
[-1.45420204  0.48229786  0.06005471]
[-1.22037902  0.5188399   0.02187876]
[-1.3313236   0.50500123  0.09622785]
[-1.34871202  0.59652004  0.0053519 ]
[-1.32797549  0.53479731  0.02463454]
[-1.48901599  0.51857703  0.15163111]
[-1.33632621  0.47832487  0.17326766]
[-1.3007726   0.51468716  0.08713992]
[-1.33225664  0.49358861  0.12790491]
[-1.34946531  0.49643207  0.12798114]
[-1.3164882   0.55486862  0.00837564]
[-1.31472557  0.56347616  0.06596694]
[-1.34160352  0.55762862  0.20015768]
[-1.34702351  0.50150283  0.21943964]
[-1.36211015  0.47650162  0.10465922]
[-1.31024899  0.49938442  0.06650618]
[-1.37986321  0.54142082  0.07136025]
[-1.2339993   0.55942534  0.09297123]
[-1.34688886  0.5127864   0.04996432]
[-1.3375843   0.49487787  0.15299121]
[-1.51732911  0.4912574   0.13150437]
[-1.37155233  0.51157893  0.00947391]
[-1.35754647  0.50556423  0.13166488]
[-1.2213465   0.50664229  0.1987739 ]
[-1.27410877  0.54354353  0.08868394]
[-1.33875221  0.51580132  0.12223348]
[-1.33405365  0.47138954  0.16058704]
[-1.33893189  0.513169    0.16302771]
[-1.37023618  0.58367888  0.20857685]
[-1.52107089  0.55123809  0.20621666]
[-1.36323325  0.52828426  0.16796616]
[-1.32758973  0.53175647  0.24944142]
[-1.29443024  0.62860254  0.15854702]
[-1.33779537  0.55297625  0.08200237]
[-1.46256335  0.46537894  0.14671573]
[-1.32414882  0.58128876  0.2617329 ]
[-1.32920671  0.51275521  0.20194512]
[-1.36778343  0.48261872  0.12779513]
[-1.27476888  0.54816045  0.18773037]
[-1.32549626  0.53708773  0.17106399]
[-1.32843237  0.59064569  0.03709459]
[-1.34821772  0.54604137  0.11861621]
[-1.3673743   0.56838486  0.09709504]
[-1.36489324  0.36088498  0.16654086]
[-1.35789028  0.53647013  0.13546854]
[-1.31000625  0.60662057  0.20971267]
[-1.39877136  0.5211479   0.00864918]
[-1.32712796  0.54109717  0.14277698]
[-1.34176264  0.58251718  0.1165031 ]
[-1.36073661  0.49713433  0.09735109]
[-1.36055696  0.56728476  0.24579026]
[-1.30282665  0.5415773   0.10690949]
[-1.33856003  0.57572489  0.14281826]
[-1.52991652  0.58105223  0.1284458 ]
[-1.32135151  0.51934193  0.18828087]
[-1.36914572  0.56785472  0.17153008]
[-1.33793127  0.44150097  0.1835067 ]
[-1.32356606  0.54499058 -0.02955886]
[-1.36445021  0.55509358  0.06864732]
[-1.28589066  0.61060932  0.10224527]
[-1.23552569  0.62789491  0.15971184]
[-1.33617506  0.57326463  0.10706758]
[-1.41509699  0.58327779  0.20044414]
[-1.3713757   0.49512868  0.04714143]
[-1.24864576  0.61288093  0.15241256]
[-1.35575918  0.59407387  0.09966335]
[-1.23258012  0.58723783  0.22162724]
[-1.34403281  0.64025685  0.18078557]
[-1.48678976  0.55680639  0.14954627]
[-1.29914687  0.52833275  0.19970681]
[-1.27137652  0.50943593  0.03431313]
[-1.50954218  0.47856813  0.16582605]
[-1.39842387  0.58425967  0.23513105]
[-1.31116087  0.58459369  0.12485838]
[-1.32463399  0.61844656  0.12953283]
[-1.35283166  0.52052853  0.12707219]
[-1.27789585  0.62373608  0.12219213]
[-1.35885266  0.39423945  0.14129517]
[-1.32258343  0.61485273  0.10773843]
[-1.32462142  0.6559009   0.12445996]
[-1.22149422  0.58442159  0.24415741]
[-1.28826235  0.56074909  0.10526533]
[-1.35263628  0.54913744  0.16748937]
[-1.35476096  0.56146781  0.25126124]
[-1.30678709  0.48760692  0.03338894]
[-1.31157549  0.55979232  0.20578413]
[-1.31139581  0.52423866  0.0621195 ]
[-1.33994655  0.51493137  0.10998785]
[-1.27033503  0.53435451  0.10278958]
[-1.34907416  0.58011386  0.23444241]
[-1.3418049   0.55642877  0.19852633]
[-1.33941388  0.60421037  0.11233189]
[-1.36814748  0.54176885  0.15542115]
[-1.34217381  0.51284615  0.12912895]
[-1.33083168  0.58209832  0.13878759]
[-1.30521736  0.59866545  0.12691107]
[-1.30593924  0.55049929  0.17249227]
[-1.33290749  0.61973885  0.15102644]
[-1.21888735  0.60987991  0.17747941]
[-1.3656555   0.57129055  0.15362896]
[-1.33755709  0.60692143  0.16328477]
[-1.33836559  0.58989252  0.08677466]
[-1.3295106   0.51060171  0.11559685]
[-1.32792805  0.58941804  0.15640594]
[-1.31437131  0.5101399  -0.03741982]
[-1.46583482  0.53860084  0.25475209]
[-1.39215669  0.62211572  0.14707968]
[-1.28026116  0.64098716  0.10406345]
[-1.34784092  0.55690793  0.13046642]
[-1.29322655  0.48249532  0.17840769]
[-1.3249831   0.54694641  0.10427011]
[-1.35213088  0.5568698   0.03975365]
[-1.36979167  0.57158158  0.15481511]
[-1.30595978  0.54550209  0.22915938]
[-1.32335108  0.60082545  0.17419136]
[-1.22821491  0.58671695  0.1431654 ]
[-1.35564651  0.49840095  0.07860793]
[-1.3875795   0.57998344  0.23914057]
[-1.35744287  0.54903845  0.06211638]
[-1.35133806  0.59045839  0.18200503]
[-1.35711441  0.65342614  0.25399706]
[-1.23590825  0.58471278  0.23499679]
[-1.35109937  0.61167767  0.15844301]
[-1.31545577  0.61230634  0.16568635]
[-1.28690497  0.52904814  0.15376011]
[-1.40191646  0.57259281  0.11308749]
[-1.51932215  0.56585925  0.18733657]
[-1.34711925  0.5687923   0.08443077]
[-1.33302346  0.39455443  0.0940653 ]
[-1.52279405  0.62005842  0.17557397]
[-1.35352418  0.60817721  0.11821895]
[-1.31291256  0.581841    0.07274195]
[-1.35121978  0.56029318  0.19484624]
[-1.36319079  0.57944679  0.09907817]
[-1.28657634  0.42861209  0.13020279]
[-1.34837978  0.53873253  0.13253283]
[-1.28347014  0.61533416  0.14685955]
[-1.28799235  0.58659091  0.1803399 ]
[-1.31681257  0.62241413  0.17316689]
[-1.40779224  0.53373886  0.14922166]
[-1.36230241  0.56237948  0.22583289]
[-1.40069944  0.54792446  0.17077585]
[-1.37196902  0.63163171  0.08697558]
[-1.33605599  0.67712154  0.20189726]
[-1.36008782  0.59057106  0.08458133]
[-1.24295155  0.59978864  0.15402597]
[-1.35317463  0.59942941  0.0774115 ]
[-1.37250786  0.53691075  0.04390871]
[-1.37453963  0.57735559  0.13722163]
[-1.24985833  0.62746703 -0.00406832]
[-1.36929579  0.5769322   0.1371415 ]
[-1.38108398  0.58873642  0.15626307]
[-1.31856212  0.59326821  0.15860922]
[-1.33513872  0.55239998  0.21364384]
[-1.33238209  0.56899259  0.15133695]
[-1.24840222  0.5808866   0.06751108]
[-1.3584425   0.55438358  0.13692373]
[-1.52824801  0.55900517  0.11773813]
[-1.38148004  0.55165575  0.16072492]
[-1.39521657  0.56823554  0.10316811]
[-1.23444262  0.57285711  0.12705259]
[-1.36558166  0.59423808  0.04556662]
[-1.38916124  0.58449443  0.04790333]
[-1.35519017  0.49574212  0.07177508]
[-1.23263363  0.58416073  0.16029031]
[-1.34719605  0.50497244  0.19135749]
[-1.30870919  0.54079565  0.25836643]
[-1.34213819  0.58389128  0.10512475]
[-1.47142508  0.55755506  0.10033635]
[-1.32058721  0.55756783  0.1769508 ]
[-1.39959586  0.56705482  0.06202595]
[-1.38062188  0.53814477  0.0021901 ]
[-1.50042178  0.65288681  0.12669501]
[-1.3091551   0.55224053  0.23446923]
[-1.50814328  0.62158256  0.1267653 ]
[-1.3455172   0.55197108  0.0980541 ]
[-1.40794608  0.52545523  0.11004433]
[-1.3908274   0.5228814   0.18660135]
[-1.36395229  0.59931622  0.10750973]
[-1.39950605  0.56765269  0.13138172]
[-1.32989456  0.52455706  0.12417358]
[-1.51655248  0.39287597  0.08824779]
[-1.3300742   0.56765269  0.07152667]
[-1.33974398  0.50060228  0.1720959 ]
[-1.31828913  0.53401852  0.04042443]
[-1.35171814  0.65124459  0.13138817]
[-1.28716451  0.53632291  0.19365018]
[-1.34711252  0.54109854  0.15056732]
[-1.31377648  0.55066258  0.0835552 ]
[-1.31865786  0.58177443  0.22243167]
[-1.37363783  0.54106023  0.11946823]
[-1.33524393  0.53856345  0.12424071]
[-1.33764129  0.55770429  0.04283786]
[-1.3284269   0.57675532  0.14344225]
[-1.40965327  0.59580634  0.08834692]
[-1.36877535  0.58124873  0.13619912]
[-1.32798725  0.56438673  0.11463539]
[-1.3756948   0.55461752  0.20797743]
[-1.3255962   0.52570746  0.18405466]
[-1.3327788   0.55186405  0.10503972]
[-1.36159904  0.59238584  0.21517949]
[-1.32347145  0.589812    0.15294951]
[-1.31673793  0.59672516  0.14821555]
[-1.50172018  0.54138907  0.09083474]
[-1.2312652   0.55309063  0.15069318]
[-1.3486709  0.5481226  0.1459113]
[-1.37979552  0.57897777  0.08125848]
[-1.26238983  0.5404011   0.11954355]
[-1.34166793  0.57365047  0.05014069]
[-1.34193738  0.54704481  0.18663919]
[-1.34717486  0.63545064  0.21063892]
[-1.29432279  0.54659573  0.22975761]
[-1.29405646  0.57743812  0.12197083]
[-1.34176396  0.52208924 -0.02411037]
[-1.26727737  0.51941281  0.14583028]
[-1.30549788  0.53349578  0.22002844]
[-1.37235899  0.57630918  0.02845744]
[-1.32899701  0.54729652  0.27501258]
[-1.4005567   0.57335051  0.15286069]
[-1.33076558  0.56111005  0.18631913]
[-1.31595436  0.52970319  0.14075618]
[-1.31559508  0.59886558  0.09760023]
[-1.23862135  0.5674715   0.15260656]
[-1.34112292  0.54326002  0.04718865]
[-1.33118682  0.51195575  0.0902271 ]
[-1.3358854   0.54999351  0.16681958]
[-1.35982742  0.58812109  0.14526562]
[-1.31903617  0.64291826 -0.02953307]
[-1.50596355  0.57082275  0.18356718]
[-1.37934032  0.5944953   0.07106876]
[-1.37242719  0.53446061  0.13335014]
[-1.34166185  0.51752156  0.07114581]
[-1.35177759  0.56088665  0.24840248]
[-1.30682362  0.56116888  0.00188549]
[-1.28111307  0.5590569   0.19830862]
[-1.38220538  0.61679997  0.17445248]
[-1.35347189  0.55962137  0.13136606]
[-1.33928632  0.57186183  0.12182404]
[-1.37325423  0.54100666  0.12429139]
[-1.37148567  0.57471791  0.0094654 ]
[-1.35996374  0.56771493  0.098121  ]
[-1.27422155  0.55113515  0.20593024]
[-1.33691986  0.54422198  0.11741806]
[-1.33727603  0.53732163  0.15099738]
[-1.27077726  0.57110989  0.13911252]
[-1.41017983  0.5641069   0.19426225]
[-1.33889265  0.61217056  0.0818179 ]
[-1.36843136  0.56198213  0.15376251]
[-1.33589734  0.60278621  0.16108942]
[-1.36561565  0.65554845  0.1013788 ]
[-1.35933111  0.49043834  0.21882635]
[-1.34807854  0.55277739  0.12077011]
[-1.33452156  0.5720208   0.09934125]
[-1.38348323  0.5625338   0.18090179]
[-1.31043039  0.53389318  0.01108417]
[-1.3402353   0.57709151  0.24587388]
[-1.32915917  0.38326388  0.2005163 ]
[-1.37811765  0.56293173  0.06659919]
[-1.32182104  0.57270105  0.09550397]
[-1.39995887  0.48661253  0.09333295]
[-1.42063582  0.5154457   0.088768  ]
[-1.3934287   0.58976872  0.05068448]
[-1.30654607  0.61141931  0.12994308]
[-1.36570659  0.58050026  0.19962832]
[-1.44144689  0.53282184  0.18549077]
[-1.41193207  0.58773501  0.2240265 ]
[-1.39420865  0.60185701 -0.03195352]
[-1.38145628  0.56089933  0.20769259]
[-1.3041502   0.68283716  0.0140047 ]